#        k_frame                  mesh_V                 im_ener                  im_err        
            0               0.3600000000000002             0.0                     0.0          
            1               0.3523828034446155      0.1705306551126727     0.25390508830869574  
            2               0.3512448537194787     0.17096166836377522     0.25454682898289355  
            3               0.3434079358551156     0.17135543082487026      0.2551331065198615  
            4              0.34252118523570796     0.17356538711088348     0.25842353629970255  
            5              0.34111618464665855     0.17282394000284904     0.25731958702256336  
            6              0.33502967509611203     0.17608928087178685      0.2621813912602698  
            7              0.33160801857396693     0.16845125854663487      0.2508090504240128  
            8              0.32695005384838843      0.1771533462953098      0.2637656907233037  
            9              0.32461677754469115     0.17300804668942935     0.25759370562301975  
            10              0.3234537344429646      0.1720426817616405      0.2561563624832869  
            11              0.320891893813403      0.17320794333609807     0.25789133407985937  
            12             0.31648112071885953     0.17288924123197727     0.25741681478690587  
            13             0.31300392858478515     0.17838310116710304      0.2655966871451166  
            14             0.31138394488359267     0.17309185508687722      0.2577184889268835  
            15              0.3037745460678894     0.17298538260013305      0.2575599607952032  
            16              0.3020953259896849      0.1706307653324491      0.254054143586623   
            17             0.30483423390185965     0.17480467710383502     0.26026872967500825  
            18              0.3008410677084081     0.16926087777554508      0.2520145019698187  
            19             0.29561773050848816     0.17312182092012016     0.25776310540672265  
            20              0.297688637959028      0.17276003387525296      0.2572244364412205  
