#        k_frame                  mesh_V                 im_ener                  im_err        
            0              0.35999999999999727             0.0                     0.0          
            1              0.36735328516600435     0.14035536747358218     0.20887840371782904  
            2               0.3413788355418394     0.14071597833042893     0.20941506876667831  
            3              0.33997648593163243     0.13965482606182666     0.20783585027324297  
            4               0.3390875641989721     0.13753978041957857     0.20468821605379434  
            5               0.3431534933052849     0.14078166287715546      0.2095128212325521  
            6              0.34118958696790797     0.14342822694288862      0.2134514670238601  
            7               0.3364885944510275      0.1379561707790475     0.20530789277278935  
            8               0.338713483586261      0.14587029530842144     0.21708578006185855  
            9               0.3426987675987779     0.14771183041655483     0.21982637289205184  
            10              0.3444411759736851     0.14278544825736778     0.21249487670464265  
            11              0.3389990537850594     0.14604724279181477      0.2173491152555058  
            12              0.3211562514559163     0.14525814204928125     0.21617476683948258  
            13             0.30168303950573355      0.1451042486721264      0.2159457410206524  
            14             0.29666025063836277     0.14731114533663983     0.21923006894306357  
            15             0.28562355647213994     0.14529521056059322     0.21622993260628162  
            16              0.2778921596376765     0.13710784618931068     0.20404540677507954  
            17             0.26715431787900895      0.145033237837511      0.21584006191447977  
            18              0.2724835435035786     0.14598683529659215      0.2172592161558004  
            19              0.2744363484076635     0.14498471134562643      0.2157678442547969  
            20              0.2637734906362886     0.15445889838065613     0.22986743374697385  
