#        k_frame                  mesh_V                 im_ener                  im_err        
            0               0.359999999999997              0.0                     0.0          
            1               0.3566331867045438     0.050233303314390694    0.07914211244175949  
            2              0.34986106530624206     0.05112061490214729     0.08054006377714362  
            3               0.3474633457290623     0.04974628418191691     0.07837481822855001  
            4               0.3469325518294716     0.05149820142948702     0.08113494791638066  
            5              0.34341935666289397     0.05193038655893569     0.08181585165660282  
            6               0.339426520312965      0.04984648176658403       0.07853267861178   
            7              0.33620202050336834     0.05291419187485694     0.08336582798298818  
            8               0.3324002327986427     0.04810706478706782     0.07579224298256386  
            9               0.3319583203233528     0.050436751718343775    0.07946264355158875  
            10              0.3266605139525728      0.0496915554268382     0.07828859357274491  
            11             0.32353302543810675     0.052640583948939806    0.08293476118448664  
            12             0.32278604286790424     0.05040465479777924     0.07941207514519798  
            13             0.32045649216168726     0.05460895242567119     0.08603590781498631  
            14              0.3136444673234329     0.05082682369384858     0.08007719840084025  
            15             0.31350858247257446      0.0498477585314325      0.0785346901431851  
            16              0.3100276272414011     0.05098318918868153     0.08032355081562431  
            17              0.3052672747270486     0.050156633853325396    0.07902132040324865  
            18             0.30442686519342094     0.05007509165977983     0.07889285141903828  
            19              0.3016328298490966      0.0485652419915156      0.0765140970005191  
            20             0.29743954950441226     0.051120850444872086     0.080540434872564   
