#        k_frame                  mesh_V                 im_ener                  im_err        
            0               0.3600000000000002             0.0                     0.0          
            1               0.353559911727713      0.12393742306927422     0.19004524894315547  
            2              0.35006656915016826     0.11677776664227499     0.17906665463063698  
            3               0.344548114745484      0.12275338376614697     0.18822964685503135  
            4              0.34466528197686513     0.12165216838647759      0.1865410467067749  
            5               0.3442523545168189     0.12277799344056352     0.18826738325123096  
            6               0.3389640741670251     0.11954675839513113     0.18331261774622437  
            7              0.33544230175471135      0.1189882854602691     0.18245625713047603  
            8              0.33230960118776015     0.11772564217464267      0.1805201239464808  
            9              0.32954391996717686      0.1224195221059606     0.18771770445094224  
            10              0.3231688257406634     0.12209701691721084      0.1872231760239057  
            11              0.3211506856319792     0.11941754507643029     0.18311448245575973  
            12              0.3207849446148854     0.12311705114888212     0.18878729325894097  
            13             0.31442422473714565     0.12451451268104058     0.19093015631184707  
            14             0.31325988124273507     0.11895169671966857      0.1824001520724254  
            15              0.3102222738084477     0.12270297831483748     0.18815235529688065  
            16              0.3116140720992606     0.11993652270920895     0.18391028110135704  
            17             0.30468084055046896     0.11950014842303704     0.18324114616378795  
            18              0.3014004266864976      0.1219283698318495     0.18696457312151102  
            19             0.30068866460967464     0.11968576721339053     0.18352577342444626  
            20             0.29590381239471547     0.12200472531189001     0.18708165637088892  
