#        k_frame                  mesh_V                 im_ener                  im_err        
            0               0.3600000000000002             0.0                     0.0          
            1              0.35294433850236223     0.11738364698867461     0.18192978510278252  
            2               0.3491032185299304      0.118261614463182      0.18329052348552993  
            3               0.3483672345179576     0.11652160841546302     0.18059373449950025  
            4               0.3493858920421471     0.12143648222224324     0.18821116638557114  
            5               0.3459208043197475     0.12103309535330707     0.18758596783141546  
            6               0.3391899303799574     0.11984670802775706     0.18574721774379205  
            7               0.3340869760745084     0.11766676640545397     0.18236858433908554  
            8              0.33328445109564675     0.11675478712335949     0.18095513196248963  
            9               0.3286319808285552      0.1232634656588848      0.1910427593079363  
            10             0.32570906395041227     0.11949431578270467     0.18520105439771326  
            11              0.3226544621180016     0.11896906198042925     0.18438697753246125  
            12              0.3258301907938227      0.1233019977129219      0.1911024791112511  
            13              0.3191734620725197      0.1248741947492315     0.19353918538416692  
            14              0.3138617644619369     0.12201220401497807     0.18910346224379526  
            15              0.3136619317726686      0.1212095894328055     0.18785951130002282  
            16             0.31040542025334916     0.11710405023089594      0.1814964455417531  
            17              0.3049924699062897     0.11841338957454783     0.18352575568441878  
            18             0.30227675579993585      0.1220255845828874     0.18912420042928146  
            19             0.30026340228585713     0.12114210222660543     0.18775491467829447  
            20              0.2984076858075052     0.11902508894433793      0.1844738122301841  
