#        k_frame                  mesh_V                 im_ener                  im_err        
            0               0.3600000000000002             0.0                     0.0          
            1              0.35693008491061734     0.06393227998919647     0.10024632389497147  
            2              0.35382033092275744     0.06544190541439171     0.10261342857761033  
            3              0.34883371993792145     0.06555630974270221      0.1027928154750077  
            4               0.3489067158798279     0.07044223906916408      0.1104539915486782  
            5               0.3442249744071681     0.06573504712428631     0.10307307711199994  
            6              0.34239654010420895     0.06494817382730597      0.1018392535191807  
            7               0.3369524939075823     0.06829206879220372     0.10708250744002554  
            8               0.3355283726531323     0.06607332891052599     0.10360350564539313  
            9              0.33181022728024984     0.06871688667374745      0.1077486252596435  
            10             0.32931560472565924     0.06587810449095657     0.10329739220161058  
            11               0.32593209983369      0.06633456898996029     0.10401313216929849  
            12              0.3243002253962547     0.06870396757089184      0.1077283680035357  
            13             0.32046672178410984     0.06949760049470183     0.10897279074502739  
            14              0.3160562374873381     0.06892157781736448     0.10806958260208353  
            15             0.31262524876903414     0.06793016669639183     0.10651504207321619  
            16             0.31158559142719455     0.06367276107773281     0.09983939617614379  
            17              0.306915082629883      0.06542958525015971     0.10259411046203165  
            18             0.30467424824076994      0.0638672141968273     0.10014430021464245  
            19             0.30175558080825077     0.06660286666948136      0.1044338250663152  
            20             0.29808963663103155      0.0664333536671463     0.10416802732940732  
