#        k_frame                  mesh_V                 im_ener                  im_err        
            0               0.359999999999997              0.0                     0.0          
            1               0.3522553503295894     0.13016828727275334      0.1982426606719841  
            2              0.35055441113416136      0.1269315987866119     0.19331327463869818  
            3              0.34296381447568963     0.13110012215397623      0.199661819132397   
            4               0.3432802395939797      0.1353128657890049      0.206077709856895   
            5               0.352685238665592      0.12885032701521829     0.19623544406348553  
            6               0.3323734208461833     0.13104489821057938     0.19957771461123316  
            7               0.3365743417475074     0.13406106040848065     0.20417124527571295  
            8               0.3348801983962967     0.13181515178453626     0.20075078926015558  
            9              0.32512739557357545      0.1317308530985846     0.20062240471930967  
            10             0.32800448711105407     0.13137364318034137     0.20007838400508937  
            11             0.32474801194537495     0.13152377522354544     0.20030703090765276  
            12             0.32068408934206183     0.12865281840092335     0.19593464396828705  
            13              0.3185841439142847     0.12865759099837287     0.19594191250071175  
            14             0.31375015313274796     0.12553953846004906     0.19119320569767054  
            15              0.3128059113041373     0.12730820742363388      0.1938868390590308  
            16              0.3079227475511958      0.1295307568901666     0.19727171973121257  
            17              0.3085942701984959     0.12568077595424834     0.19140830645088275  
            18              0.3018677041433061     0.12717019519681597      0.1936766502978288  
            19             0.29680833948125834     0.12656654242799015     0.19275730401524857  
            20             0.29561870336132723     0.13002597006981098     0.19802591555255594  
