#        k_frame                  mesh_V                 im_ener                  im_err        
            0               0.359999999999997              0.0                     0.0          
            1               0.3537686209300867     0.04987470164610389     0.07820727415884035  
            2              0.34958468211399185     0.05022624954399417      0.0787585276385174  
            3              0.34810166628317796     0.05067150224972486     0.07945671728733238  
            4              0.34679883834241165     0.05408669430944213     0.08481199467053589  
            5               0.3431947449339874     0.05228708612364503      0.081990074014974   
            6              0.34005652089137567     0.05202036426040463     0.08157183412191936  
            7               0.3365546373955132     0.05309454984376147     0.08325623771015866  
            8              0.33264059704175225     0.05043707285755284     0.07908911441173865  
            9               0.329718994670922      0.052709319560088085     0.0826521677224661  
            10             0.32671873248137673      0.051749921425904      0.08114775946675323  
            11              0.3252901779625763     0.05404108287343282     0.08474047251675802  
            12              0.3235450746790036     0.05264389129825247     0.08254957129898426  
            13              0.3185131727149577     0.05305931762536281     0.08320099094832178  
            14             0.31234807168884526     0.05051210561937549     0.07920677141180248  
            15              0.3120675906533649     0.05410663101499213     0.08484325692064089  
            16             0.30772916442055015     0.04942118182594696      0.0774961210543435  
            17              0.3050720141540098     0.05176047697274268     0.08116431135615333  
            18               0.30410515377583      0.049979258858409384     0.0783712277124091  
            19             0.30094004105089106     0.051021734938666546     0.0800059084207011  
            20              0.2973810148612285     0.05246380417005174     0.08226718117046561  
