#        k_frame                  mesh_V                 im_ener                  im_err        
            0               0.359999999999997              0.0                     0.0          
            1              0.35468314485372265     0.09109297889815521     0.14041398162367538  
            2               0.3526166545130067     0.08759530158467684     0.13502253648749876  
            3               0.3477506374793341      0.0900928436225869     0.13887233727409443  
            4               0.3436369679126725     0.08955671319692199     0.13804592662589976  
            5              0.34166073346824377     0.08863565416346994     0.13662617322929552  
            6               0.3398302599671808     0.08979692691692207      0.1384162006609992  
            7              0.33763932835430577     0.09008785445250782     0.13886464678856772  
            8               0.3344423222450294     0.09058944110554085     0.13963781042789059  
            9              0.32698109006233467      0.0917398997105255     0.14141116854366503  
            10             0.32766993672873496     0.08815864552917774     0.13589089502871407  
            11             0.32621091099182237     0.09045756901727285      0.1394345380659291  
            12              0.3208967955602652      0.0936361578038864      0.1443341287135439  
            13              0.3171441202858839     0.09349405732720227     0.14411508994718467  
            14             0.31592938585382707     0.08888527366305468     0.13701094567006497  
            15             0.31498132294151615     0.09166110761939471     0.14128971559119877  
            16             0.31444760210327605      0.0889064434120217     0.13704357747965543  
            17              0.3085198658113141     0.08979886332103917     0.13841918550368854  
            18              0.3031344216626905     0.09126806630218014     0.14068386762179144  
            19              0.2981706895906172     0.09175900021217322     0.14144061074129438  
            20             0.29644549579015106     0.09209578077947105     0.14195973637490264  
