#        k_frame                  mesh_V                 im_ener                  im_err        
            0               0.3600000000000002             0.0                     0.0          
            1               0.3546183458990823     0.17219754155421005     0.25687916058006877  
            2              0.34543901802333477      0.1700574580150408      0.2536866477360921  
            3              0.34291850741439145     0.17466812310052995      0.2605647005014588  
            4              0.34035677376983353     0.16888841127099202     0.25194269864379004  
            5              0.33817210483413884      0.175317888215061       0.2615340007347168  
            6               0.3376651679432035     0.17627579700092466     0.26296298051342903  
            7              0.33377385269744775     0.17204931850968846     0.25665804585966295  
            8               0.3317320353575624     0.17421708162254473      0.2598918502667465  
            9               0.3344809415995835      0.174343944518509       0.2600811005541195  
            10              0.3245717167466366     0.17323372885524663      0.2584249139148236  
            11             0.32096247052599863     0.17242211740274932      0.2572141761380067  
            12             0.32027526017789404      0.1747169503341927      0.2606375395134652  
            13             0.31701964659474896     0.17081424963680492     0.25481560692318705  
            14              0.3090276765106347     0.17020259170613522      0.2539031538511256  
            15             0.30886083526165475     0.17070317396722648      0.2546499075496383  
            16              0.3082100588532803     0.16819095382382954     0.25090225241006137  
            17             0.30342424707434507     0.17083373360360293      0.2548446725241862  
            18              0.2974015255994453     0.17489805232460642     0.26090770206547936  
            19              0.2967655205439302     0.17741230864298257     0.26465839471020725  
            20             0.29454102733190635     0.17004361623344785      0.2536659989788309  
