#        k_frame                  mesh_V                 im_ener                  im_err        
            0              0.35999999999999727             0.0                     0.0          
            1               0.3557978655807085     0.016876583558698574    0.026635935723888723 
            2               0.3506508297253036     0.017551501794831566    0.02770114413493901  
            3               0.3472864078412941     0.017371997856932008    0.027417837070126523 
            4               0.3458348080636186     0.024404636810021644    0.03851729440236971  
            5              0.34339406458613086     0.021186707536866353    0.033438508344417466 
            6               0.339415430205814      0.018197982739752698    0.028721470603015112 
            7              0.33569077705524486     0.022099045372182147    0.03487843081779141  
            8               0.3333520917416461     0.016235754412001115    0.025624529362994655 
            9              0.33022609659319396     0.022727751484294893    0.03587070366337097  
            10             0.32657857502991466     0.019230743810750777    0.03035145438554797  
            11             0.32439781387853767     0.02010514198406585     0.03173149753589883  
            12              0.322311340213408      0.02193323456596597     0.03461673531755352  
            13             0.31830027863533034     0.023380964955079412    0.036901655926978076 
            14              0.314078769151107      0.019585875624045866    0.030911951012103672 
            15              0.3121336496332041     0.020178775309178727    0.031847711371952865 
            16              0.309760860654198      0.014933758105021311    0.023569617607612756 
            17              0.3050404639794151     0.019452815151618563    0.03070194463382001  
            18             0.30461082023206204     0.01667688207631455     0.02632075132473321  
            19             0.30122729815504934     0.018474837700735398    0.029158424618022136 
            20             0.29616095713760776     0.02021293097232979     0.03190161849392066  
