#        k_frame                  mesh_V                 im_ener                  im_err        
            0              0.35999999999999727             0.0                     0.0          
            1              0.35401963467580244     0.05231312390409897     0.08176895267816255  
            2               0.3484537277514675     0.053508880129319654     0.0836380005747082  
            3               0.346490803763303      0.050652808299056946    0.07917376703433869  
            4              0.34471264983729155     0.05570984042592757     0.08707825045674107  
            5              0.34243405756979145     0.05306173308711814     0.08293907948941834  
            6               0.3398553966101034     0.05221253465238359     0.08161172487088182  
            7              0.33565666909255626     0.053207019030425205    0.08316617125027086  
            8              0.33395234563062376     0.05194825269664358     0.08119863429016612  
            9              0.32987325473097784     0.05412886793214464     0.08460708346494375  
            10              0.3248210514064353     0.05210505985527206     0.08144373449020376  
            11              0.3238605667377488     0.05425946421505581     0.08481121429255181  
            12              0.3205102514197618     0.05345510779223441     0.08355395077308332  
            13             0.31772613299688424     0.055332120837532736    0.08648784917988954  
            14             0.31326390984861824     0.05193003815383994     0.08117016372719045  
            15              0.3117183408304626     0.053517966928857796    0.08365220385728778  
            16              0.3091713998362371     0.052150197967287704    0.08151428841376901  
            17             0.30398377645886154     0.05273440887299581     0.08242744959279716  
            18              0.3036279150566938     0.05266484488809115     0.08231871637701366  
            19             0.30023265959671663     0.052484411668937817    0.08203668704560602  
            20              0.2951236344032413     0.05300941764513986     0.08285730691343338  
