#        k_frame                  mesh_V                 im_ener                  im_err        
            0               0.3600000000000002             0.0                     0.0          
            1              0.35626632760435684     0.06347454310229846     0.09936467544955796  
            2              0.35277696519338975     0.06514534046715835     0.10198018443610896  
            3               0.349288016087245      0.06455964155140274     0.10106331635276695  
            4               0.3477048628042595     0.06922744142179947     0.10837040981916585  
            5               0.3446191387428935     0.06747717075779258     0.10563049129470105  
            6               0.3414281574179276     0.06506159873777313     0.10184909298817942  
            7               0.3362301811062509     0.06755706494059348     0.10575555969466612  
            8               0.3347599937799926     0.06441165188575596     0.10083164953992857  
            9               0.3321638558309186     0.06650739586710488      0.1041123808434448  
            10              0.3277303358220773     0.06668460952350051     0.10438979563987118  
            11              0.3257975982620551     0.06746971936385587     0.10561882669179126  
            12             0.32254221427138274     0.06786997190150892     0.10624539226529466  
            13              0.319370062746438       0.0674564214385987      0.1055980097790141  
            14              0.315465851699289      0.06427565698472987     0.10061875963883116  
            15              0.3127385092028206     0.06611389535568725     0.10349638506473975  
            16              0.3113394921114245     0.06144677742660886     0.09619035912674612  
            17              0.3070146375320827      0.0651566183263853     0.10199783908578552  
            18             0.30459465498091387      0.0630808414866913     0.09874836485720405  
            19             0.30141096432091613     0.06348186981701383     0.09937614487642144  
            20             0.29647120569872176      0.0648974475069191     0.10159212644724396  
