#        k_frame                  mesh_V                 im_ener                  im_err        
            0               0.359999999999997              0.0                     0.0          
            1               0.3564990572381088     0.050978432994502665    0.08027072156557738  
            2               0.351461287601485      0.05049468702803688     0.07950901439841448  
            3              0.34705694311955554     0.050535028352935885    0.07957253591267727  
            4               0.3473733113187684     0.053841879956666484    0.08477950970040367  
            5              0.34618058818760394     0.05137675491639936     0.08089791989647711  
            6               0.3406513093044764     0.04976377957089921     0.07835812635545662  
            7               0.3361391082481142     0.05410677139019142      0.0851966081723767  
            8               0.3346162191204846     0.048966378233096255    0.07710253694238654  
            9               0.3302821637357567     0.05240070970920051     0.08251024073963725  
            10             0.32700282970393324     0.050739012166899786    0.07989372915014588  
            11             0.32512752222143265     0.05094760235757834     0.08022217559570599  
            12             0.32303308504233896     0.05203392083288904     0.08193269439240206  
            13             0.31905014107316354     0.05384417741289655     0.08478312727863273  
            14             0.31511670066326314     0.052287768183756786    0.08233240283428103  
            15             0.31241037325418824     0.05249612625178394     0.08266048377914556  
            16              0.311366757839422      0.04902042651024108     0.07718764144542725  
            17              0.3056982292343958     0.05036019084693466     0.07929723649802171  
            18             0.30429774497441003     0.04936692784530781     0.07773324299799442  
            19             0.30106746428109393     0.051261744170536284     0.0807168237933619  
            20             0.29634950798315246     0.05039636630572733     0.07935419843289654  
