#        k_frame                  mesh_V                 im_ener                  im_err        
            0              0.35999999999999727             0.0                     0.0          
            1               0.351169909643613      0.09066718715569913     0.13908404277524405  
            2              0.34727273824245647     0.09229664289161872     0.14158363825608566  
            3               0.3432245767376202     0.09545715339889335     0.14643188151117337  
            4               0.3433681955490772     0.09573288425089331      0.1468548543949374  
            5               0.3416671138028116     0.09507219212365392      0.1458413484622075  
            6               0.3322931865280407     0.09595301247411281     0.14719253249188466  
            7              0.32483940610931206     0.09565093798990568     0.14672914830846862  
            8               0.3202544838881187     0.09971323817496279     0.15296074267495216  
            9               0.3201933772448896     0.09858491224168549     0.15122988350427044  
            10             0.32189894067872493     0.09976469845238181      0.1530396830683878  
            11              0.3140269880884591     0.09772858741908069     0.14991627577039268  
            12             0.30465109836730103     0.10116568617797145     0.15518880716571845  
            13              0.3054022132071786     0.10003069500299622     0.15344772347180508  
            14             0.31204069262414386     0.10020682467441454     0.15371790750995626  
            15             0.30727648030794114     0.10051781378058182     0.15419496678025796  
            16              0.3008718894842239     0.09981986097566585     0.15312430273056893  
            17              0.3001650795033131     0.10310430480971351      0.1581626604985573  
            18             0.29570221259696866     0.10208541071857233      0.1565996704709482  
            19              0.3040271822004524     0.09823224608383714     0.15068889137114816  
            20              0.2943228534794649     0.10346497016017892     0.15871592344412033  
