#        k_frame                  mesh_V                 im_ener                  im_err        
            0              0.35999999999999727             0.0                     0.0          
            1               0.3562191016320957     0.09340079539818312      0.1447819744798485  
            2              0.35022510186397743     0.09500783266108358      0.147273067055597   
            3               0.3505586349085834     0.09450665172938674      0.1464961789728631  
            4              0.35029852445643245     0.09726379844536918      0.1507700734698936  
            5               0.3449067427671356      0.0975095479717742     0.15115101349838825  
            6               0.340683785894881      0.09734845648482097     0.15090130316719083  
            7              0.33146219278770445      0.0984889306534208     0.15266916928941401  
            8              0.33705773982165166     0.09651605545298404     0.14961098583707996  
            9               0.3268332438255752     0.09880302586840921     0.15315605299534849  
            10              0.3277701873903533     0.10014443713868534      0.1552353947340579  
            11              0.3239298904027374     0.10016954386596208     0.15527431304875058  
            12             0.32597929004342285      0.0984369522850916     0.15258859684070133  
            13              0.3152386334323919      0.1036971894861922      0.1607425694590385  
            14              0.3176599110438597     0.10035815415456242     0.15556668068731677  
            15              0.3161170245361377     0.09887169438904435      0.153262497099596   
            16              0.312750416916704      0.09766919883650091     0.15139849069945496  
            17             0.30560808981731735     0.09714104789176407     0.15057979599480706  
            18             0.30360402294087974     0.10099247832990643     0.15654995610991979  
            19              0.3041117801094502     0.10267845575304149     0.15916341501259088  
            20              0.2987015490473961     0.10276599553408354     0.15929911174076936  
