#        k_frame                  mesh_V                 im_ener                  im_err        
            0               0.3600000000000002             0.0                     0.0          
            1               0.3512841652073582     0.17235464078169482      0.2596037716698877  
            2              0.35235267478347626     0.17364126195087318     0.26154170445031155  
            3               0.3441263304818043      0.1673841855959684     0.25211717944772005  
            4               0.3468719301505251      0.1791247401454002      0.2698010214882081  
            5               0.3434630048744011     0.17191213125073926      0.2589372555684649  
            6              0.33588154451650376      0.1686261674623907     0.25398787567850634  
            7               0.3401398703166271      0.1716819801246164      0.2585905976535716  
            8              0.33328663605319175     0.17621166119807272     0.26541328769427897  
            9              0.33156790075962744     0.18155471560700712     0.27346109580960365  
            10              0.3287538038533996     0.17327818256514735      0.2609948275137665  
            11             0.32715123462292045     0.17898689804872236      0.2695934011535879  
            12              0.3240184342352732     0.17211360502872772     0.25924071912721314  
            13             0.32069105724449753     0.17642652265091005      0.2657369160183558  
            14              0.3139331415773263      0.1694183172405285     0.25518102643556956  
            15             0.31347903923858295     0.17609425385418379     0.26523644656509865  
            16             0.30337570350584125     0.17600864504593397      0.2651075009828444  
            17              0.3040951781299798     0.18020925805740898     0.27143454257661115  
            18             0.30310448705480275     0.17122900769042276      0.2579083221323218  
            19              0.303619349572183       0.1768503226977029     0.26637525154609276  
            20              0.300328141556077      0.17302992236419648      0.2606208933729156  
