#        k_frame                  mesh_V                 im_ener                  im_err        
            0               0.359999999999997              0.0                     0.0          
            1               0.3567820755105256     0.13243643734026006     0.19588263248418522  
            2               0.351233534523213      0.13104927157557206      0.1938309185666558  
            3               0.3408404581351419     0.13211523074680645     0.19540754576061747  
            4               0.3458443618715712     0.13540908381352393      0.2002793818102919  
            5              0.34957781979434993     0.13248604596352392     0.19595600706231492  
            6               0.3375992415004005      0.1377760597563569     0.20378030261441799  
            7              0.33524921504562566      0.1293859595179748      0.1913707652204302  
            8               0.3329769200352737     0.13215252400640823     0.19546270506580132  
            9              0.32392420512736525      0.1348711579674612      0.1994837523526878  
            10              0.3246573400868129     0.13120538424100725     0.19406181997478567  
            11             0.33193013257382165     0.13308870545139734     0.19684738204451047  
            12             0.31956340430468594     0.13089766696678054     0.19360668488547847  
            13             0.31535832064101216     0.13083287543838906     0.19351085374263832  
            14             0.31594668752100324     0.13145040505309474     0.19442422266885542  
            15              0.3093504817555029     0.13571248990992132      0.2007281403700029  
            16             0.31161996586260987      0.1317521958864063      0.1948705921429661  
            17               0.31063113214956      0.13716049835280314      0.2028698448083538  
            18             0.30164128691857117     0.13159509475370534      0.1946382287235195  
            19             0.29101158125015286     0.13028090778256834     0.19269445547914155  
            20              0.3005038679514226      0.1335927607614207     0.19759291464133905  
