#        k_frame                  mesh_V                 im_ener                  im_err        
            0              0.35999999999999727             0.0                     0.0          
            1              0.35475112088594324     0.051252809754173144    0.08028508463222707  
            2              0.35263910741818033     0.05247903305501406     0.08220590501179671  
            3               0.3486424840813596     0.051852489626567265    0.08122445458166647  
            4               0.3440377849611288     0.05315340400720485     0.08326227497921582  
            5              0.34311035081705793     0.05341480099568966     0.08367174090788919  
            6               0.340331155025496      0.05121801766386011      0.0802305844803581  
            7              0.33479941702694643     0.05231959975493577     0.08195616034313612  
            8              0.33163444872577913     0.05217058755965741     0.08172273983864986  
            9               0.3308979240560438     0.053541541908982346    0.08387027451021994  
            10             0.32679066378705923     0.05311548576417707      0.0832028778580591  
            11              0.3247834895845091      0.0529831296124115     0.08299554825218848  
            12             0.32149437474364656     0.05382747020665139     0.08431816756598044  
            13             0.31799476245186453     0.05646126021828644     0.08844387413703174  
            14              0.314573235288546      0.05337464522866913     0.08360883881200062  
            15              0.3124873258658225     0.05318576981562111     0.08331297447608932  
            16              0.3093140339539226     0.05172367675812818     0.08102267536031345  
            17             0.30547889837440806     0.05230335659343916     0.08193071620452781  
            18              0.3038972408186264     0.05183246360931471     0.08119308477974382  
            19             0.30060714424325885     0.05334579540838213      0.0835636469430187  
            20              0.2939285905591896     0.05501376095369148      0.0861764355025356  
