#        k_frame                  mesh_V                 im_ener                  im_err        
            0               0.3600000000000002             0.0                     0.0          
            1               0.3579630979583194     0.16925048736145104      0.2563694977091168  
            2               0.3506246246042621     0.16710409238912874      0.2531182798868338  
            3              0.35006307188482116      0.1680609675950478     0.25456769146452624  
            4               0.3475891396816074      0.1723802082536387     0.26111019290951737  
            5              0.34212477994968865     0.17527178777363778     0.26549016723446556  
            6              0.33975394274014026      0.171869497012079      0.26033660113726176  
            7              0.33733629088193556      0.1787403191704174     0.27074407028575587  
            8              0.33083399039967276      0.1731107452948582     0.26221676233354135  
            9              0.32766232326266514     0.16801796268505015     0.25450255045756665  
            10             0.32794782590208416      0.1747220741136167      0.2646574971659743  
            11              0.3236355648092521     0.17262449346299202      0.261480220065102   
            12             0.32596969733347303     0.17034214676012271     0.25802307151011394  
            13              0.319022154244555      0.17044854121337363      0.2581842308247145  
            14              0.3191596159093157     0.17191667156584625      0.2604080580461458  
            15              0.3143039449852701      0.1729838420646718     0.26202453767358475  
            16              0.3083802482328786     0.17207854239730228      0.2606532493268392  
            17             0.30952493598592096      0.169138844343593      0.25620038821432484  
            18             0.30436465462222567     0.17246776663967658      0.2612428205893468  
            19              0.3015778589881649     0.17196567348416297     0.26048228292656705  
            20             0.29818060885717146     0.17464335314977786      0.2645382558315878  
