#        k_frame                  mesh_V                 im_ener                  im_err        
            0               0.359999999999997              0.0                     0.0          
            1              0.35013845848450914     0.09266261675735751     0.14287880248731333  
            2               0.3476947804032223     0.08829791294937468     0.13614875670272902  
            3               0.347464772965009       0.0921122410962559     0.14203016451303424  
            4              0.34572358772187284      0.0907585135926096     0.13994281827370234  
            5              0.34637212265179684     0.09279049265973785      0.1430759775341494  
            6               0.338320123658811      0.08785402340643159     0.13546431233290915  
            7               0.3352657013277108     0.08912352982296753      0.1374217959750945  
            8               0.3338786994938265     0.09033920612028772     0.13929627761236735  
            9              0.32816422930445194     0.08950402570572688      0.1380084920773896  
            10             0.32789012762911257     0.09382691516765845     0.14467406327772772  
            11             0.32769194482265984     0.09178446347006215      0.141524756006869   
            12              0.3201895210537625     0.09248471384996053     0.14260448955230898  
            13              0.3176337693646556     0.08788951003926726     0.13551903005815044  
            14              0.3143912562105514      0.0927830556737851     0.14306451025981345  
            15             0.31141946990758856     0.08986308809168862     0.13856213933579578  
            16             0.30608573218269985     0.08897109437258299     0.13718675194795904  
            17             0.30596656259104615     0.09133233994475227     0.14082761545404204  
            18              0.3000930090518397     0.08968853298472815      0.1382929884578763  
            19              0.294754665244128      0.09047094404426465      0.1394994076067347  
            20             0.29712385627814375     0.09134597578301018     0.14084864089352755  
