#        k_frame                  mesh_V                 im_ener                  im_err        
            0              0.35999999999999727             0.0                     0.0          
            1               0.3590696242502181     0.09546287211995656     0.14953058682425988  
            2              0.35255441020579104     0.09155746239686571     0.14341325351221443  
            3               0.3479524843647014     0.09354751503431671     0.14653042076353376  
            4               0.3420022429745568     0.09766534421023727     0.15298048244137363  
            5               0.341311810215586      0.09474871670030671     0.14841195214867856  
            6               0.3405184515063124     0.09346845555802975      0.1464065840339165  
            7              0.33594521148451983     0.09522333663558724     0.14915538460430183  
            8              0.33046889047496064     0.09639857646386442     0.15099625003479825  
            9               0.3223578762439044     0.10086689377760587     0.15799530731437786  
            10             0.32113004717563226     0.09600647721532873     0.15038207585980362  
            11              0.3227916132054165     0.09672870491465749     0.15151335474659072  
            12             0.32468775385032494     0.09517783541078183     0.14908411265642008  
            13              0.3185828740630232     0.09650685127297892     0.15116584891010584  
            14              0.3116272092801551     0.09724765059029485      0.1523262179014983  
            15              0.3156722518121943     0.10094954779566526     0.15812477444174727  
            16             0.31711324224790743     0.09702977893258535     0.15198494934225426  
            17              0.3111071805582242     0.09898843685117384     0.15505294071366926  
            18             0.30563011691161707     0.09998239514265365     0.15660985140892944  
            19             0.30288872026897995     0.09645997471165485     0.15109242267048587  
            20              0.3007150449950856     0.09694162048440222     0.15184686021715676  
