#        k_frame                  mesh_V                 im_ener                  im_err        
            0               0.359999999999997              0.0                     0.0          
            1               0.3564794012784325     0.09019681600689212     0.13896921730484582  
            2               0.3532797012542633     0.09088745071498049     0.14003330103945644  
            3               0.352809168860413      0.08996469736352578      0.1386115844346565  
            4               0.3438018572218835     0.09189362021927021     0.14158353966957019  
            5              0.34368364070820595      0.0918640957493986     0.14153805034244046  
            6              0.34238971317695904     0.08994033603016968     0.13857405012270538  
            7               0.3362280437948971     0.09113716776255815     0.14041804835300786  
            8               0.3330403805585835      0.0889966756993811     0.13712012144343472  
            9              0.32827669671093834     0.08939861912753742     0.13773940897579554  
            10             0.32604267428764927     0.09146559670132455      0.1409240696803809  
            11             0.32411387928510454     0.09091668858673033     0.14007834879538192  
            12              0.322621453938149      0.09142755349929782     0.14086545526089828  
            13              0.3182716782457461     0.08855579227940247     0.13644083777789565  
            14             0.31557475045519334      0.0923595650823496     0.14230143632929718  
            15             0.31243872269918993     0.09144733763223983      0.1408959373287996  
            16              0.3106181843676355      0.0895554326122335     0.13798101669761792  
            17             0.30613854806619945      0.0884781678337239      0.1363212392273343  
            18              0.3074043136668131     0.08991885593863642     0.13854095503531577  
            19              0.3008326967516259     0.09238692275317102     0.14234358719747245  
            20              0.2965895059148979     0.09125218628330269     0.14059526119167623  
