#        k_frame                  mesh_V                 im_ener                  im_err        
            0              0.35999999999999727             0.0                     0.0          
            1               0.3586104504657729      0.1371679411158736      0.202419073470004   
            2              0.35660504209293825      0.1370019941343172     0.20217418509464075  
            3              0.34921652038016754     0.13523169677348815     0.19956175285551644  
            4               0.3502335864782576      0.1389848198287356     0.20510024592672418  
            5              0.34905198267110765      0.1384062975291251     0.20424651912353503  
            6              0.34290163214720487     0.14002213828709703      0.2066310193678556  
            7               0.3393116738721997     0.14458062849099806     0.21335799475284195  
            8               0.341892657042621      0.14357657676949453     0.21187631311842112  
            9               0.3301861210689165     0.14216024770979657     0.20978623278579792  
            10             0.32802934637069503     0.14006843937290578     0.20669934599588413  
            11             0.33456615624285063     0.14391384614332453     0.21237402237617548  
            12              0.3313660973087928     0.14159518127688261     0.20895236283871735  
            13             0.33269896099284935     0.14233985388366283     0.21005127806538543  
            14             0.33062778866469034      0.1456976939986029      0.2150064511138196  
            15              0.328528035152104      0.14329040435941437     0.21145400777775722  
            16              0.3283385038668942      0.1418488759176539     0.20932674065405432  
            17             0.32863782614914155     0.14204112762094112     0.20961044697300793  
            18             0.31672669951890503     0.14426779446064547      0.212896344792518   
            19              0.3127587171380289     0.14594237167401525     0.21536752257084413  
            20              0.3221271921980663     0.14160586460451524     0.20896812825200112  
