#        k_frame                  mesh_V                 im_ener                  im_err        
            0               0.3600000000000002             0.0                     0.0          
            1               0.3528990658299742     0.17885613306563342     0.26784120581799986  
            2               0.3472669914615099     0.17687053358275942     0.26486772455879465  
            3               0.3435901061113227     0.17968746798753607      0.269086149136993   
            4               0.3410740765924588     0.17651057442289733      0.2643286773717054  
            5               0.3369095517994296     0.17518404341435276     0.26234216643247377  
            6              0.33117062831611915     0.17392136805177247      0.2604512808034857  
            7              0.33141292690877644     0.17815973156396656     0.26679832842406964  
            8               0.3315736286033133     0.17606373129641686      0.2636595194303107  
            9               0.3233760431534366     0.17461158204264973     0.26148489225655885  
            10              0.3196881916233435      0.1754765576704175      0.2627802133125021  
            11              0.3171968864710207     0.17685544328271427      0.2648451264846276  
            12             0.31487068454077505     0.17596109286455702      0.2635058159990589  
            13              0.311713353249442      0.17121785470285422     0.25640270688595834  
            14              0.3049782630852582      0.1817447160521761      0.2721669258084742  
            15              0.2983472538114916     0.17725973548250135      0.2654505634268098  
            16              0.290783198300717      0.17399479600396672      0.2605612408642304  
            17              0.2982683900214645     0.16898643110698047      0.2530610983184163  
            18              0.2914314621135911     0.17553500272134237      0.2628677361312364  
            19             0.28822623933870734     0.17053286203581863     0.25537691448638783  
            20             0.28569802380157877      0.1779483517512156      0.2664817822539027  
