#        k_frame                  mesh_V                 im_ener                  im_err        
            0               0.359999999999997              0.0                     0.0          
            1              0.35498074887584546     0.050757219332697084     0.0797771308701297  
            2               0.3497040392683374     0.04978285785025858     0.07824568835769018  
            3               0.3460733786197755     0.05030906195778906     0.07907274418349694  
            4               0.3454660443887343     0.05262478074674326     0.08271245107275535  
            5               0.3431436625930513     0.05166677171743009     0.08120671035821132  
            6               0.3382335079945671     0.049782924319331213    0.07824579282976284  
            7              0.33543790196841006      0.0520997775699834      0.0818872827973801  
            8               0.3328689764605109     0.05059259763522666     0.07951838843159938  
            9               0.3294656824383364     0.051200063230442086    0.08047316615436922  
            10              0.3262657515043105     0.05042179744528926      0.0792499350118806  
            11             0.32477654873053063     0.050369655270101885    0.07916798109106964  
            12             0.32069463078788396     0.05067466918527697     0.07964738353564875  
            13              0.319164947365035      0.05218296976673856     0.08201803926621672  
            14             0.31344648670975633     0.05297337094708388      0.0832603440897139  
            15              0.3110909821728715     0.05376000053875342     0.08449672095798949  
            16              0.3088558941028334     0.04957387419455008     0.07791722047331112  
            17             0.30465454055688107     0.050561867757434466    0.07947008906621883  
            18              0.3027201559408796     0.04955995356195974     0.07789534086401503  
            19             0.30006891641129085     0.04929815773464663     0.07748386599893396  
            20             0.29453150970498104     0.05122601487933862     0.08051395538824636  
