#        k_frame                  mesh_V                 im_ener                  im_err        
            0               0.359999999999997              0.0                     0.0          
            1              0.35870409163133876     0.13333731075459737     0.19823791887239564  
            2               0.3532065550432681     0.13245170701147838     0.19692125632694632  
            3              0.35059486052431454     0.13232576173927957     0.19673400844778022  
            4              0.33882398315797013      0.1308563617976825      0.1945493927182075  
            5               0.3427619692649492     0.13325520585056969      0.1981158502240064  
            6              0.32540437363495495      0.132190778893835       0.1965333240465952  
            7               0.3351124001417812     0.13314307719474727     0.19794914406163971  
            8               0.3282388659515843     0.13555700224021622      0.2015380230829696  
            9               0.3270846659260235     0.13392555916552656     0.19911249133904166  
            10             0.31349303700174364     0.13447020296488915      0.1999222350836947  
            11             0.32612303875550797     0.13414677031140637     0.19944137480716034  
            12             0.31662335428291843      0.1358612425536759      0.2019903493391091  
            13             0.31585536736459785     0.13382161305080545     0.19895795048816828  
            14             0.31130291144467714     0.13295969800539192     0.19767650687811938  
            15              0.3092588917354564     0.13294779315934024     0.19765880746681114  
            16             0.30455489687082127     0.13346554907046793     0.19842857591140453  
            17              0.3021519877772615     0.13122109166671408     0.19509165121868446  
            18              0.3016642853314337      0.1392407759071839     0.20701483689602623  
            19              0.2980538178536146      0.1324176064945485     0.19687055772300424  
            20             0.29602895339993635     0.13667762915823523     0.20320410399313085  
