#        k_frame                  mesh_V                 im_ener                  im_err        
            0               0.359999999999997              0.0                     0.0          
            1               0.3476082528806223     0.13550985210249172      0.2016226400882245  
            2               0.339295448314491       0.1346241517602022      0.2003048226855135  
            3               0.3556175332544242      0.1322580620446379      0.1967843609055327  
            4              0.35060504541727233     0.13047300104531928      0.1941284011666871  
            5               0.3412456475847738     0.12851474956887762     0.19121475447228878  
            6              0.33178302689823946      0.1349647064316214     0.20081152777654987  
            7              0.33433966580428953     0.12708692020901038     0.18909031318137676  
            8               0.3305268895582335     0.13428064824926528     0.19979373006988366  
            9               0.3326408042413976     0.13355972952589631     0.19872108823580692  
            10              0.3215684108773313     0.13357415036414827     0.19874254473830866  
            11             0.32157932366205777     0.13208195800603145     0.19652233891493107  
            12             0.31340582714635556     0.12958636977146043     0.19280919864785473  
            13             0.31528166320714707      0.1350429964205369     0.20092801402469132  
            14              0.3087364434212426     0.13476970161486387     0.20052138366249064  
            15              0.3066795559153588     0.13137610796499363      0.1954721174987584  
            16             0.30703924713227937     0.13484437213823822     0.20063248457379648  
            17              0.3027857611962908      0.1320211666194471     0.19643188851839097  
            18              0.3029785132125385     0.13395460923464084     0.19930862256013135  
            19             0.30189849472161334      0.132760014091107      0.19753120621040576  
            20             0.29428207617541696     0.13094762009002983     0.19483457819622377  
