#        k_frame                  mesh_V                 im_ener                  im_err        
            0              0.35999999999999727             0.0                     0.0          
            1              0.35046400163909436      0.1291899716565015      0.1949275866469452  
            2               0.3656008687913797     0.13296002703848053      0.2006160142215596  
            3               0.3630354431810057     0.13521290116172044     0.20401525109909482  
            4               0.3526282189898834     0.13542755801658438     0.20433913492799685  
            5               0.3528139574135072     0.13641086767969127     0.20582279636934836  
            6              0.35423497197327214      0.1383190310138408     0.20870191824610618  
            7              0.34640967601133554     0.13613515941518942       0.2054067954528    
            8               0.3371116334043513     0.14588378288087378      0.2201159529897968  
            9               0.3444123806596745     0.14348836068734858      0.2165016332310936  
            10              0.3355320267832273     0.14134550800125567     0.21326840160108268  
            11             0.35068249481074626     0.13718556289394918      0.2069916910332759  
            12             0.33795396480974804     0.14229643126190156     0.21470319699508583  
            13             0.33223471082617434     0.14615954520668148      0.2205320354764527  
            14              0.3369848415356765     0.14434924903809104     0.21780057994058652  
            15              0.3270423882666789      0.1379145411978171     0.20809160598541146  
            16              0.3350264283993176      0.144961805051201      0.21872483175201252  
            17              0.3278953161680327      0.1402286928485019     0.21158330112721724  
            18              0.3181866061549514     0.13748589560121285     0.20744484640646313  
            19             0.31355129162420103     0.14347941634896813     0.21648813761473654  
            20             0.30982762663556784      0.1422339710776488     0.21460895428551788  
