#        k_frame                  mesh_V                 im_ener                  im_err        
            0               0.359999999999997              0.0                     0.0          
            1               0.3531661015465221     0.09225325950981729     0.14337535358634043  
            2              0.34862321879734115      0.0907343723514728      0.1410147759271606  
            3              0.34881704798971774     0.09097494321779714     0.14138865900950476  
            4               0.3501242714543142     0.09306445095798677     0.14463606633866477  
            5              0.34561291383730175     0.09094516329217207     0.14134237655413184  
            6              0.34124940731364095     0.09179426288249293      0.1426620042251662  
            7              0.33476667928085463      0.0904604109058774     0.14058899889402407  
            8              0.33313556750617257     0.08895041324728192     0.13824223684609194  
            9              0.32592198431711555     0.09383439159267618     0.14583266916143375  
            10              0.3264653861413615     0.09165194968817057     0.14244082825084958  
            11              0.3241232512744434     0.09562671263359993      0.1486182039419727  
            12              0.3238475215262169     0.09439277074231188     0.14670047381613802  
            13              0.317865621762343      0.09426386443819428      0.1465001341530131  
            14             0.31445666157447355     0.09181259137141375     0.14269048943635212  
            15              0.3120631321163479     0.09389567378452064     0.14592791084688672  
            16             0.31046756283114146     0.09222427995243453     0.14333031502284027  
            17             0.30231711478178147     0.09175789478784303     0.14260548277045126  
            18             0.30180746248461393     0.09118860413629105     0.14172072001091995  
            19             0.30100196564130094     0.09152049798125614     0.14223653265133876  
            20              0.2944440946244287     0.09298190001121798     0.14450776982919997  
