#        k_frame                  mesh_V                 im_ener                  im_err        
            0               0.359999999999997              0.0                     0.0          
            1              0.35326298051537786     0.05013746920109491     0.07883797908939286  
            2               0.351073091432955      0.04943556193346441      0.0777342745871533  
            3               0.3470677217599224     0.04920452313360602     0.07737098077990073  
            4              0.34646830498151737     0.05201054671664701     0.08178327426198374  
            5               0.3436784571095679     0.04886461004894408      0.0768364890895981  
            6              0.33917775618472984     0.05059136718953036     0.07955170478578702  
            7              0.33509492933050045     0.05407520361242793     0.08502981581603554  
            8               0.3348432210175882     0.05069793537220016      0.0797192764700142  
            9               0.3303883002273118     0.05258286839704671      0.0826832136763723  
            10              0.3267896688509998     0.05111919672684723     0.08038168313708445  
            11              0.3247890627687433     0.051320807640687964    0.08069870346664712  
            12             0.32259480503858995     0.05154556632850454     0.08105212219744048  
            13              0.3176142156500587     0.05116147477565806     0.08044816267785904  
            14              0.3134947393163396     0.050433429659999855     0.0793033580732592  
            15              0.3101724692550414     0.049894635399615514    0.07845613839283827  
            16              0.3102061739184549     0.04867066574621061     0.07653152401802496  
            17             0.30529662475826636     0.050916679309239196     0.0800632373880463  
            18             0.30429410713768384     0.049919055409265806    0.07849453730368977  
            19              0.3017559752008335     0.05153162315760877      0.081030197448684   
            20              0.296334167751628      0.051288854035282286    0.08064845845598057  
