#        k_frame                  mesh_V                 im_ener                  im_err        
            0               0.3600000000000002             0.0                     0.0          
            1               0.3573190299820425     0.06437319936579769     0.10096509164468159  
            2               0.3524538503616914     0.06429915741069223     0.10084896175124108  
            3               0.349049824076871      0.06581058718849098      0.1032195390649893  
            4               0.3476796604476164     0.06905075111290285     0.10830152117548002  
            5               0.3450215057651886     0.06691746021493222     0.10495559595907998  
            6              0.34131003300090984     0.06499625080307596     0.10194230648072987  
            7              0.33793042687451896     0.06807829697115765     0.10677629138250937  
            8              0.33508221169183167     0.06707747330043637     0.10520656586583373  
            9              0.33149615557544115     0.06725046110230243     0.10547788575424832  
            10              0.3269719375911145     0.06707017447287204     0.10519511813912151  
            11              0.3255887886434977     0.06729278373310546     0.10554426599229413  
            12              0.3231340921473461     0.06611333272110041      0.1036943753438456  
            13              0.3184606032695991      0.0666775751561185      0.1045793521621904  
            14              0.3147805576334654     0.06611544599212593      0.1036976898692205  
            15             0.31246272218844684     0.06730663998672078     0.10556599860664148  
            16              0.3111363319623802      0.0631734632423837     0.09908338514503093  
            17             0.30691426901355473     0.06745527378662655     0.10579912085902028  
            18              0.3047801976972452     0.06424717503578803     0.10076743084555645  
            19              0.3019249227235653     0.06522719685829975      0.1023045300436469  
            20              0.298657639471386      0.06637882887046152     0.10411078843680423  
