#        k_frame                  mesh_V                 im_ener                  im_err        
            0               0.359999999999997              0.0                     0.0          
            1              0.35487824600927204     0.09118194712291602     0.14006109491164753  
            2              0.35421221767321265     0.09109777607393009     0.13993180298870866  
            3               0.3452428753835103     0.08905927982705794     0.13680054701843072  
            4               0.345154671499634      0.09322402669787738     0.14319785509489127  
            5              0.34380822397405153     0.09282219401607668     0.14258061531048064  
            6              0.33768079777265514     0.08719128868264805     0.13393119740234258  
            7              0.33820696795186206     0.09167086582913504     0.14081210420105775  
            8               0.3327133252016076     0.08906295579575857      0.1368061935330898  
            9              0.33485806238629306     0.09164818760208863     0.14077726904551438  
            10              0.3292362948254141     0.09204814542284634     0.14139162892772095  
            11              0.3282715713773151     0.08995697076186424     0.13817945566414916  
            12              0.322205578075533      0.09188238533267624      0.1411370112050858  
            13             0.32024602464985163     0.09363293133153842      0.1438259578335596  
            14             0.31580607318427334      0.089250422522635       0.137094153988578   
            15             0.31249499744341364     0.09136650492910894     0.14034458708554273  
            16             0.31079275209541757     0.09127176476580587     0.14019906035110646  
            17              0.3052340010667442     0.08753123591192503      0.1344533773145628  
            18              0.3020568109088946      0.0913154332107729      0.1402661377760591  
            19              0.3023288443558948     0.09538142508686266     0.14651175208937606  
            20              0.2987571802008596     0.08944457025157841     0.13739237687532735  
