#        k_frame                  mesh_V                 im_ener                  im_err        
            0              0.35999999999999727             0.0                     0.0          
            1              0.35275602582220605     0.13604272784488533      0.2015394876155244  
            2              0.35444065175957046      0.1366102800473446     0.20238028360580418  
            3               0.3560493783153447     0.13471121138437742      0.1995669224556404  
            4               0.353895145603997      0.14110304433939508     0.20903605586016227  
            5               0.3449107453124612     0.14055715640693614     0.20822735424158906  
            6              0.36316610371994107     0.14175435725198277     0.21000093853165622  
            7               0.3437728088827348      0.1454223824506301     0.21543490718846753  
            8              0.35004672677266074     0.14512979301960452     0.21500145275143323  
            9              0.35041012103308605     0.14369468427768256      0.2128754215765123  
            10              0.3414815837162738     0.14197185844877344      0.2103231540624043  
            11             0.34597563644496515      0.1474585389731317     0.21845135612881714  
            12              0.3408362538444588     0.14683583993878657      0.2175288632744862  
            13              0.3308132399079845     0.14788166271130254     0.21907818964457956  
            14              0.3202828117855033     0.14667851561100956     0.21729579631889126  
            15             0.31056211367425013     0.14397057993596304     0.21328414514804045  
            16              0.3027843780198513      0.1450073081283121     0.21481999841996863  
            17              0.2947280249557963     0.14435257910354085     0.21385005497448092  
            18              0.3099278219172255     0.14873025245786664     0.22033532661490932  
            19              0.3258662546148089     0.14560048469375503     0.21569875543225972  
            20              0.3143380257686087      0.1515140999263505     0.22445943674770322  
