#        k_frame                  mesh_V                 im_ener                  im_err        
            0               0.3600000000000002             0.0                     0.0          
            1              0.35645831305947256     0.06455292660031213     0.10129904655241592  
            2              0.35157066350109023     0.06602680846827669     0.10361192120920927  
            3               0.3497417017564376     0.06482162571711564     0.10172070000447707  
            4              0.34691917482891466     0.06727260647469671     0.10556687750466309  
            5               0.3445211184483601     0.06509265883005859     0.10214601605707446  
            6               0.3414988914820035     0.06519174351977616     0.10230150373400783  
            7              0.33803714366560833     0.06760686801424326     0.10609141414519156  
            8               0.3339474129199204     0.061763073027763925    0.09692109621300221  
            9              0.33278390379845046     0.06703513313998669     0.10519422480470585  
            10             0.32852779857128644     0.06495544736735992     0.10193069831581236  
            11             0.32556222547902997     0.06615986169347476     0.10382071367708204  
            12             0.32417687961582325      0.0658452208245319     0.10332696658134337  
            13             0.32057971201172236     0.06977489656071731      0.1094935716649589  
            14             0.31487525038331554     0.06686320105977395     0.10492442207515401  
            15             0.31347651429636203     0.06754516624500287     0.10599458924934527  
            16             0.31020350005417197     0.06299658704672988      0.0988567759816974  
            17              0.3073298353724601     0.06570769809455224     0.10311116038695531  
            18              0.3052189010096957     0.06356191864834221     0.09974391704942713  
            19              0.3019729907570905     0.06484683924113517     0.10176026607960205  
            20              0.2981177413837441     0.06617009358632725     0.10383676997452616  
