#        k_frame                  mesh_V                 im_ener                  im_err        
            0               0.3600000000000002             0.0                     0.0          
            1               0.355472704271368      0.06814520712479609     0.10631468173718767  
            2              0.35144114208142796     0.06707324314858645     0.10464228959439544  
            3              0.34863329588995945     0.06575536627479307     0.10258624388967616  
            4               0.3467583040844285      0.068504695259116      0.10687552626611432  
            5               0.3442475173979771     0.06735416309874714     0.10508055834952984  
            6              0.34062460486788315     0.06807971900958622     0.10621251243695565  
            7               0.3374643133151315     0.06815338970994256     0.10632744754966866  
            8               0.3345506085758176     0.06558272016661496     0.10231689529102113  
            9              0.33131210301515573     0.06808605034516273     0.10622239007846836  
            10             0.32822147747001756     0.06615841218615484     0.10321504376570308  
            11              0.3249274019316797     0.06603432398379935     0.10302145131368215  
            12             0.32205181806094335      0.0683645778603917      0.1066569263486772  
            13             0.31832232463233096      0.0695233674046709     0.10846477677276956  
            14             0.31468348325759843     0.06723529491217005     0.10489510974708481  
            15              0.3118446789361489     0.07110456932090169      0.1109316410700407  
            16             0.30994816304126843     0.06707105451742769      0.1046388750677559  
            17             0.30581732485999885     0.06727203989468672      0.1049524363190702  
            18             0.30350002477969906     0.06426704696117456     0.10026428757276468  
            19              0.3006873058013724     0.06684907805139478      0.1042925652048155  
            20              0.2971554878314065     0.06766016737806234     0.10555796166134361  
