#        k_frame                  mesh_V                 im_ener                  im_err        
            0               0.3600000000000002             0.0                     0.0          
            1               0.3519653331943847      0.1688453054065708      0.2584432587895064  
            2              0.34459193696871193     0.17694303623548324     0.27083805969430513  
            3              0.35042430219995174     0.16843930262562148     0.25782181017100037  
            4               0.3498549169579004      0.1686327328033353     0.25811788429255333  
            5               0.3473369196970729     0.17283674168381102     0.26455275526769795  
            6              0.33672053708319266     0.17051447429693967      0.2609981740503023  
            7              0.33716489297897606     0.17096468199445491      0.261687284974635   
            8              0.33369542234268046      0.1808269035599088      0.2767829056325065  
            9                0.32829094795545      0.17380567872489955     0.26603585985184847  
            10             0.32446213922675887     0.17323761903597815     0.26516635864280813  
            11             0.32296712146233464     0.17441154954999863      0.266963236719491   
            12             0.31942920585799445      0.1774094590048672     0.27155199023683907  
            13              0.3248013008561552     0.17930840000221193      0.2744586064345534  
            14             0.32147076446453166     0.17380983229986635     0.26604221752609625  
            15              0.3150088729445066     0.17954789526736242      0.2748251901345924  
            16              0.3128987044101169     0.17140540354187017     0.26236187591252624  
            17              0.3031601381408169     0.18069664649529313      0.2765835275083794  
            18             0.30463012515234916     0.17827602216770494     0.27287839612779025  
            19             0.30329067022194633     0.17591263732077736     0.26926087842338664  
            20             0.29999018362381424      0.1764620052404822      0.2701017690546129  
