#        k_frame                  mesh_V                 im_ener                  im_err        
            0               0.359999999999997              0.0                     0.0          
            1               0.3542589933238987      0.048341920228078      0.07584396984667796  
            2               0.3510804935709948     0.04952060293322597     0.07769321321819221  
            3               0.3480411418088858     0.048551003651900335    0.07617200226278813  
            4               0.3450990979007116     0.05338376633378032     0.08375415674468156  
            5               0.3425120941566797     0.05124176730647684     0.08039355979545115  
            6              0.33976320343121214     0.04849389274652568     0.07608240057206679  
            7               0.3346626294757994     0.05179988572980563      0.0812691956136005  
            8               0.3333889824417923     0.05070199090568113     0.07954670090211906  
            9              0.33068194839393555     0.052440966100353946    0.08227499099913266  
            10              0.3259587611436375     0.05041585596023972     0.07909778182584425  
            11              0.3236688852134873     0.05113527520614895     0.08022648360964654  
            12             0.32166536668156176     0.05090696693211415     0.07986828919432447  
            13             0.31883447419202227     0.05276074821460816     0.08277669934908183  
            14              0.3139645340797907     0.04978081193403715     0.07810145690231245  
            15              0.3122395304961344     0.050374313603972334    0.07903260573848078  
            16             0.30933754457080326      0.0470221255773796      0.0737733349770015  
            17              0.3035945078718766     0.048119585711619874    0.07549514770054544  
            18              0.3033990444619805     0.048733538232554524    0.07645838201695998  
            19              0.2998454862069033     0.047961038285268015    0.07524640155709963  
            20             0.29471306313277756     0.05011772725935206     0.07863004566447805  
