#        k_frame                  mesh_V                 im_ener                  im_err        
            0               0.359999999999997              0.0                     0.0          
            1               0.3587937290164906      0.0920166577912089      0.1443861625751061  
            2              0.34978393194693685     0.08729357678112885     0.13697503116752777  
            3              0.35258566989999895     0.09077051953843655     0.14243080878727227  
            4              0.34631384741156007     0.09262193386232581     0.14533591983976796  
            5               0.3430986725187856      0.0901621190809479     0.14147614895203842  
            6               0.3395124744445298     0.08988417825923137      0.1410400234761308  
            7               0.3375836276517251      0.0907624325216683      0.1424181192009965  
            8               0.3366617152905695      0.0931883237697119     0.14622465963114692  
            9              0.33250363257603316     0.09207171978842095     0.14447256204528905  
            10              0.3293042607659014      0.0913524427706525     0.14334392239550192  
            11             0.32427947256427314     0.08959965350139326      0.1405935669439334  
            12             0.32656087958860874     0.09154621069977464     0.14364796960160187  
            13              0.3207308082458912     0.08835566508198785     0.13864158652563377  
            14             0.31150929201317035     0.08888516115982505     0.13947243507645765  
            15             0.31393713005529655      0.0926225157070793     0.14533683283023283  
            16              0.3075838483526982     0.09056201313739919      0.1421036349924313  
            17              0.3073670415638498     0.08804422723473819     0.13815289983863124  
            18             0.30894744898923415     0.09171332404022217     0.14391019227433874  
            19              0.3005204752890099      0.0897236062754614     0.14078806504697086  
            20              0.2949396222924004      0.0913167132630235     0.14328785812821507  
