#        k_frame                  mesh_V                 im_ener                  im_err        
            0               0.359999999999997              0.0                     0.0          
            1               0.3605736692500179     0.13025434550501797      0.1980092648106543  
            2              0.36265155700480994     0.12913026177896664     0.19630046199629853  
            3               0.3542024095865061      0.1268858277879776      0.1928885318779697  
            4               0.3525578571174008     0.13390983785373062      0.2035662491069032  
            5               0.3433036296412748     0.13538147631495936     0.20580339558094357  
            6              0.34377446580355586     0.13277920189095263     0.20184748575286576  
            7               0.3409009234024749     0.13099322015559448      0.1991324828175518  
            8               0.3372373424533701      0.1304955704591723     0.19837596870556767  
            9              0.33280047427385306     0.12783593398099255     0.19433285857618102  
            10              0.3322221861739057     0.13208840508113565     0.20079735442776434  
            11             0.32944752493415436     0.12847964143889945      0.1953114058944996  
            12             0.32826602329443283     0.12833075187923587     0.19508506786230068  
            13              0.3244904524856502      0.1308879866130809     0.19897250952602172  
            14             0.32233840721073515     0.13058732760536299     0.19851545553027128  
            15             0.31994340182289194      0.1318439973833062      0.2004258122087801  
            16             0.31545471580412415     0.12714961115064607      0.1932895284781887  
            17             0.30590052319691796     0.12761347063421458      0.1939946755883349  
            18             0.30727584361544036     0.13161921774012608      0.2000841080474492  
            19             0.30142650894187295      0.1339917763595309     0.20369080989011773  
            20              0.3027890114266537     0.13493817834633026     0.20512950555048065  
