#        k_frame                  mesh_V                 im_ener                  im_err        
            0              0.35999999999999727             0.0                     0.0          
            1               0.3536861585488978     0.12928874639578966      0.1947953086085724  
            2               0.3649876520093371      0.1394528787867982     0.21010928883531063  
            3              0.36484458059897396     0.13621290088444277     0.20522771551227592  
            4               0.3651057546739929      0.1415524134038832     0.21327259194614323  
            5               0.3626446471365224     0.13960131389318875     0.21033293136541278  
            6               0.3661399272672279     0.14166125300627894     0.21343657716936296  
            7               0.3605933602841367      0.1382677677565296     0.20832371912942232  
            8               0.3542320551273773     0.13632341658811237     0.20539422606483795  
            9              0.35033797163949754      0.1396362998054912      0.2103856435447315  
            10              0.3457381349358857     0.14353440604174145     0.21625879823489172  
            11             0.34616483492082606     0.14620579805277095     0.22028370098713865  
            12             0.34419873809348434      0.1437051024152427     0.21651598111957027  
            13              0.3425840925839027     0.14363390408122617     0.21640870881758112  
            14              0.3434591553908461     0.14650417178338587      0.2207332513506165  
            15              0.3497843273366063      0.1434925729558894     0.21619576963344136  
            16             0.34677517167888505     0.14675662772614773     0.22111361881995384  
            17              0.3465462490682688     0.14555882011079851      0.2193089195666146  
            18              0.3416072959149418     0.14921781508538534     0.22482181280087887  
            19             0.34190723756340374     0.15021010830582354     0.22631686994617536  
            20              0.3513055980429923      0.1495185982927272     0.22527499344754606  
