#        k_frame                  mesh_V                 im_ener                  im_err        
            0               0.3600000000000002             0.0                     0.0          
            1              0.35638593829489335     0.021798126936491816    0.03434816723906896  
            2               0.3522023643355246     0.021777351921828836    0.03431543123013951  
            3               0.3494395375551251     0.02178585965412277     0.03432883719903348  
            4               0.3475694756843603     0.030926570185405258    0.04873221483451299  
            5              0.34459223627935903     0.025933524648690903    0.04086447630693136  
            6              0.34102615692705396     0.023822334378498317     0.0375377906386929  
            7               0.3375886862480846     0.028173731942726377    0.04439445918160199  
            8              0.33462322089425844     0.020405103411023463    0.03215312519898232  
            9              0.33168760633556055     0.02828278509211337     0.044566298524679714 
            10              0.3285201238096542     0.023984954830766195    0.03779403809092877  
            11             0.32589642085601284     0.025098232384927945    0.03954827338487204  
            12             0.32332750935903437     0.02755946553579632     0.04342653540833254  
            13              0.3196711047284252     0.029690546407333904    0.04678456348059838  
            14             0.31572311906910233     0.025526457905009493    0.040223045204609204 
            15             0.31324973315474525     0.026437229469783635    0.041658183834391196 
            16              0.3105865880028105     0.01649614352787458     0.025993623137709438 
            17              0.3067599186931827     0.022824988386237303    0.035966233273364984 
            18             0.30470456408211877     0.018913749951322473    0.029803140808322658 
            19              0.3015011564088161     0.020929602291785566    0.032979598745338345 
            20             0.29764555625268757     0.02332808714646102     0.03675898580684086  
