#        k_frame                  mesh_V                 im_ener                  im_err        
            0               0.359999999999997              0.0                     0.0          
            1              0.35426368756849597     0.09032748352387605     0.13963238092203162  
            2               0.3538527657716468     0.09373171583046465      0.144894799885082   
            3               0.3480240853489983     0.09211337302086778     0.14239309109351214  
            4              0.34633774766781966     0.09088186968504663      0.1404893765629432  
            5              0.34420724466560054      0.0914803251114179     0.14141449650207935  
            6              0.34445234309022366     0.09135119192732646     0.14121487648337303  
            7              0.33450886612311853     0.09226833541755908     0.14263263909772142  
            8              0.33608082241327875      0.0879499523712014     0.13595708385171623  
            9               0.3303018791568064     0.09148139891629739      0.1414161564390788  
            10             0.32835042396152975     0.09269507849626821      0.1432923181876011  
            11             0.32337865709014846     0.08867381689939327     0.13707606695180133  
            12             0.32804379099368186       0.09307794572491      0.14388417196927036  
            13              0.3188441502270681     0.09138911410668664      0.1412734983334151  
            14              0.3114588805393006      0.090162829605895      0.13937785131820668  
            15             0.31194019666308187     0.09021385490048506     0.13945672856677938  
            16              0.3089386278338799     0.09458539273160041     0.14621445292525798  
            17             0.30509519436236426     0.09083944074458589     0.14042378795418972  
            18             0.30676894987491354     0.09228866238926003      0.1426640614660285  
            19             0.30207326168597665      0.0898227756865578     0.13885218032033847  
            20             0.29675670206754834     0.09056577450054082      0.1400007420799636  
