#        k_frame                  mesh_V                 im_ener                  im_err        
            0               0.359999999999997              0.0                     0.0          
            1               0.3603174858221588     0.006799706453734444    0.010740168571475556 
            2               0.3597445089016739     0.016651043575075183    0.026300402245905054 
            3               0.3616726640923567     0.017172967699048684    0.027124783873426123 
            4              0.36306892678909247     0.01569826614651579     0.024795485781723744 
            5               0.3634037462694742     0.01095425637551996     0.01730229986378761  
            6              0.36286312073891186     0.015103251849247188    0.02385565787906581  
            7               0.3643306174210105     0.01988947243539649     0.03141551597959869  
            8               0.3655525391723106     0.01684733871298498     0.02661045134659151  
            9              0.36596359987811566     0.013544645758315342    0.021393832171289404 
            10              0.3658614779549949     0.015818074790996985    0.024984724103525313 
            11              0.3675747398998123     0.020669500782939887    0.032647574451555895 
            12              0.3693007296072285     0.017808233055772307    0.028128188515266668 
            13             0.37005284877274325     0.01705486633950714     0.026938242216278555 
            14              0.3706341573095885     0.018779389054299232    0.029662134017818535 
            15              0.3726100652326157     0.016273038857902378    0.02570334200354427  
            16              0.3739585981652291     0.015558426098236234    0.024574607762682072 
            17              0.3740744010702391      0.0160215485346235     0.02530611184596495  
            18              0.3751892447940332     0.023540086731389253    0.037181678562524224 
            19              0.3768144226103286     0.019285510594145492    0.030461555388812896 
            20             0.37744166745651714     0.019054278715358242    0.030096323540324772 
